: (255, 255, 255)
ks: (152, 141, 13)
mn: (64, 75, 200)
mi: (88, 170, 6)
me: (23, 187, 55)
go: (217, 125, 98)
kt: (252, 7, 177)
nb: (205, 107, 56)
in: (82, 165, 165)
or: (157, 60, 93)
io: (192, 64, 167)
nj: (242, 111, 187)
mt: (58, 162, 39)
ri: (142, 61, 70)
va: (240, 247, 75)
ak: (28, 72, 132)
ms: (14, 244, 218)
co: (227, 203, 100)
la: (112, 65, 160)
id: (54, 232, 47)
nm: (89, 85, 182)
il: (180, 86, 215)
wa: (36, 225, 250)
vm: (11, 42, 172)
nc: (54, 145, 103)
ny: (179, 56, 40)
ca: (77, 56, 135)
dw: (76, 47, 240)
wv: (32, 94, 127)
nh: (30, 255, 177)
fl: (69, 102, 177)
ct: (24, 147, 34)
mo: (130, 101, 62)
ma: (15, 195, 70)
oh: (186, 225, 81)
az: (44, 167, 139)
tn: (139, 202, 37)
sd: (140, 24, 51)
nv: (190, 67, 67)
pn: (113, 0, 185)
ok: (175, 136, 51)
wy: (51, 150, 14)
sc: (139, 155, 53)
nd: (227, 32, 235)
tx: (197, 3, 182)
al: (22, 212, 103)
wi: (67, 159, 237)
ml: (220, 102, 2)
